100 520
64 40
2 86
42 45
46 48
52 95
56 64
65 13
1 62
14 13
43 94
8 23
59 6
50 59
32 68
88 84
65 20
80 16
8 41
31 51
94 7
52 18
64 67
43 63
18 12
66 44
22 77
15 39
96 55
48 86
44 56
26 57
40 24
52 78
11 25
18 2
69 75
85 19
14 30
25 2
8 32
5 34
59 29
59 92
63 9
21 25
86 43
32 3
73 1
52 73
24 30
40 14
76 35
93 61
39 44
90 77
48 76
18 23
81 98
52 2
25 44
54 53
51 76
95 38
29 88
29 58
24 25
1 36
98 89
26 53
78 99
17 89
96 75
41 11
34 30
94 40
32 39
72 91
10 68
22 76
68 40
11 27
53 11
42 1
81 89
29 75
88 61
35 38
44 54
36 16
66 16
43 56
19 59
37 21
67 45
82 92
56 38
58 19
2 5
69 37
95 41
52 17
43 4
15 44
35 89
66 4
44 98
51 44
68 99
23 44
28 85
80 69
95 31
94 17
51 81
20 95
100 11
73 87
86 8
75 93
76 68
34 90
33 61
2 10
96 6
48 1
51 39
78 65
47 28
39 82
74 30
79 23
22 66
14 28
54 93
56 92
97 6
19 54
39 38
38 17
62 40
40 61
61 24
33 25
59 55
35 95
38 86
78 31
73 65
39 75
43 74
82 79
68 97
41 91
18 9
42 15
96 87
31 94
27 10
69 96
32 81
82 41
51 93
92 83
59 48
2 61
85 14
26 96
66 93
76 97
29 93
8 63
89 4
41 100
25 70
10 22
54 81
93 2
69 38
18 70
62 31
57 34
41 74
13 86
4 84
79 21
62 34
21 84
5 46
66 39
20 71
30 17
7 92
5 13
44 71
67 8
61 6
15 88
76 26
73 79
74 35
43 39
40 20
98 41
32 52
17 48
82 75
93 1
47 64
14 76
22 19
24 38
65 58
8 56
12 10
21 18
6 70
55 8
86 74
90 12
98 39
73 26
73 95
59 3
90 44
40 8
51 46
72 93
63 85
11 30
90 85
69 1
58 63
56 70
47 57
13 27
20 25
97 66
7 70
50 41
39 13
3 98
59 7
36 91
61 51
92 55
12 71
92 3
11 12
88 91
23 78
11 51
100 90
49 14
49 86
94 3
2 9
51 100
43 72
60 20
19 14
2 41
55 67
90 17
70 67
57 92
39 48
78 67
3 9
35 22
67 26
36 21
43 14
11 10
91 33
28 59
66 87
62 27
92 36
63 16
17 20
50 44
37 10
72 35
4 71
29 39
53 82
87 56
63 100
74 45
88 30
53 19
24 69
15 79
94 97
62 97
47 74
35 75
33 4
39 2
5 14
82 6
56 53
48 55
39 5
92 22
88 62
91 68
49 87
5 40
87 34
50 19
5 65
71 54
72 81
4 27
95 19
30 100
23 33
31 14
62 78
47 60
29 99
85 23
19 28
6 45
53 28
51 57
5 86
57 53
14 35
5 42
24 31
43 68
72 68
67 35
36 60
22 28
59 12
32 53
5 28
33 45
67 59
68 86
84 30
25 39
85 13
28 56
84 92
58 66
94 61
99 36
74 17
74 32
91 89
15 63
41 32
69 49
40 85
83 28
44 93
31 26
5 29
23 93
35 20
66 11
30 53
41 4
100 72
24 87
39 57
33 65
7 36
54 50
20 85
51 45
20 89
38 49
55 62
51 86
12 72
43 60
84 41
39 41
64 26
57 100
34 33
50 84
24 95
39 88
2 82
12 70
44 73
80 49
24 15
46 56
100 25
24 83
85 41
25 77
86 3
64 44
96 81
71 6
55 100
22 6
48 43
28 25
7 9
58 44
25 54
25 5
24 34
55 76
88 9
41 26
83 79
52 42
38 63
10 98
60 81
61 38
70 100
29 19
72 1
12 46
67 96
98 61
80 82
89 7
46 100
93 82
97 88
29 44
25 16
25 53
68 20
10 96
95 34
16 44
95 79
3 50
83 34
91 76
88 57
32 6
38 57
59 61
62 15
11 52
96 59
7 79
30 9
1 92
67 23
33 11
97 54
61 39
62 38
4 38
48 44
54 18
41 65
40 97
10 15
72 85
15 58
98 31
42 60
51 19
72 10
90 28
45 84
96 61
66 67
12 74
81 1
93 21
74 20
22 71
61 22
31 77
21 43
26 23
54 14
40 77
64 52
4 67
20 82
12 80
83 71
42 31
1 12
33 77
3 70
46 65
11 14
16 31
50 4
54 67
1 68
50 31
58 60
95 10
88 80
96 27
93 64
13 30
46 82
13 79
84 78
41 61
25 38
22 8
60 45
37 63
33 63
41 12
12 87
71 1
9 13
